| lower limit | upper limit |
|   double    |  double     |
|   micron    |   micron    |
 1.1153000000  1.1372000000
 1.1372000000  1.1583000000
 1.1583000000  1.1789000000
 1.1789000000  1.1987000000
 1.1987000000  1.2180000000
 1.2180000000  1.2370000000
 1.2370000000  1.2559000000
 1.2559000000  1.2751000000
 1.2751000000  1.2944000000
 1.2944000000  1.3132000000
 1.3132000000  1.3320000000
 1.3320000000  1.3509000000
 1.3509000000  1.3701000000
 1.3701000000  1.3900000000
 1.3900000000  1.4100000000
 1.4100000000  1.4303000000
 1.4303000000  1.4509000000
 1.4509000000  1.4721000000
 1.4721000000  1.4941000000
 1.4941000000  1.5165000000
 1.5165000000  1.5395000000
 1.5395000000  1.5636000000
 1.5636000000  1.5889000000
 1.5889000000  1.6153000000
 1.6153000000  1.6436000000
