| lower limit | upper limit |
|   double    |  double     |
|   micron    |   micron    |
  4.6000000000  4.7000000000
  4.7000000000  4.8000000000
  4.8000000000  4.9000000000
  4.9000000000  5.0000000000
  5.0000000000  5.1000000000
  5.1000000000  5.2000000000
  5.2000000000  5.3000000000
  5.3000000000  5.4000000000
  5.4000000000  5.5000000000
  5.5000000000  5.6000000000
  5.6000000000  5.7000000000
  5.7000000000  5.8000000000
  5.8000000000  5.9000000000
  5.9000000000  6.0000000000
  6.0000000000  6.1000000000
  6.1000000000  6.2000000000
  6.2000000000  6.3000000000
  6.3000000000  6.4000000000
  6.4000000000  6.5000000000
  6.5000000000  6.6000000000
  6.6000000000  6.7000000000
  6.7000000000  6.8000000000
  6.8000000000  6.9000000000
  6.9000000000  7.0000000000
  7.0000000000  7.1000000000
  7.1000000000  7.2000000000
  7.2000000000  7.3000000000
  7.3000000000  7.4000000000
  7.4000000000  7.5000000000
  7.5000000000  7.6000000000
  7.6000000000  7.7000000000
  7.7000000000  7.8000000000
  7.8000000000  7.9000000000
  7.9000000000  8.0000000000
  8.0000000000  8.1000000000
  8.1000000000  8.2000000000
  8.2000000000  8.3000000000
  8.3000000000  8.4000000000
  8.4000000000  8.5000000000
  8.5000000000  8.6000000000
  8.6000000000  8.7000000000
  8.7000000000  8.8000000000
  8.8000000000  8.9000000000
  8.9000000000  9.0000000000
  9.0000000000  9.1000000000
  9.1000000000  9.3000000000
  9.3000000000  9.5000000000
  9.5000000000  9.7000000000
  9.7000000000  9.9000000000
  9.9000000000 10.1000000000
 10.1000000000 10.3000000000
 10.3000000000 10.5000000000
 10.5000000000 10.8000000000
 10.8000000000 11.1000000000
 11.1000000000 11.4000000000
 11.4000000000 11.7000000000
 11.7000000000 12.0000000000
 12.0000000000 12.3000000000
 12.3000000000 12.6000000000
 12.6000000000 12.9000000000
