| lower limit | upper limit |
|   double    |  double     |
|   micron    |   micron    |
  4.5000000000  5.0000000000
  5.0000000000  5.5000000000
  5.5000000000  6.0000000000
  6.0000000000  6.5000000000
  6.5000000000  7.0000000000
  7.0000000000  7.5000000000
  7.5000000000  8.0000000000
  8.0000000000  8.5000000000
  8.5000000000  9.0000000000
  9.0000000000  9.5000000000
  9.5000000000 10.0000000000
 10.0000000000 10.5000000000
 10.5000000000 11.0000000000
 11.0000000000 11.5000000000
 11.5000000000 12.0000000000
 12.0000000000 12.5000000000