| lower limit | upper limit |
|   double    |  double     |
|   micron    |   micron    |
  4.4000000000  4.6000000000
  4.6000000000  4.8000000000
  4.8000000000  5.0000000000
  5.0000000000  5.2000000000
  5.2000000000  5.4000000000
  5.4000000000  5.6000000000
  5.6000000000  5.8000000000
  5.8000000000  6.0000000000
  6.0000000000  6.2000000000
  6.2000000000  6.4000000000
  6.4000000000  6.6000000000
  6.6000000000  6.8000000000
  6.8000000000  7.0000000000
  7.0000000000  7.2000000000
  7.2000000000  7.4000000000
  7.4000000000  7.6000000000
  7.6000000000  7.8000000000
  7.8000000000  8.0000000000
  8.0000000000  8.2000000000
  8.2000000000  8.4000000000
  8.4000000000  8.6000000000
  8.6000000000  8.8000000000
  8.8000000000  9.0000000000
  9.0000000000  9.2000000000
  9.2000000000  9.4000000000
  9.4000000000  9.6000000000
  9.6000000000  9.8000000000
  9.8000000000 10.0000000000
 10.0000000000 10.2000000000
 10.2000000000 10.4000000000
 10.4000000000 10.6000000000
 10.6000000000 10.8000000000
 10.8000000000 11.0000000000
 11.0000000000 11.2000000000
 11.2000000000 11.4000000000
 11.4000000000 11.6000000000
 11.6000000000 11.8000000000
 11.8000000000 12.0000000000
 12.0000000000 12.2000000000
 12.2000000000 12.4000000000
 12.4000000000 12.6000000000
 12.6000000000 12.8000000000
 12.8000000000 13.0000000000
