| lower limit | upper limit |
|   double    |  double     |
|   micron    |   micron    |
  0.8503085375  0.8575978052
  0.8575978052  0.8644861410
  0.8644861410  0.8714298048
  0.8714298048  0.8784292410
  0.8784292410  0.8854848975
  0.8854848975  0.8925972260
  0.8925972260  0.8997666816
  0.8997666816  0.9069937233
  0.9069937233  0.9142788134
  0.9142788134  0.9216224183
  0.9216224183  0.9290250080
  0.9290250080  0.9364870563
  0.9364870563  0.9440090407
  0.9440090407  0.9515914426
  0.9515914426  0.9592347474
  0.9592347474  0.9669394442
  0.9669394442  0.9747060260
  0.9747060260  0.9825349901
  0.9825349901  0.9904268374
  0.9904268374  0.9983820731
  0.9983820731  1.0064012062
  1.0064012062  1.0144847500
  1.0144847500  1.0226332219
  1.0226332219  1.0308471433
  1.0308471433  1.0391270401
  1.0391270401  1.0474734420
  1.0474734420  1.0558868833
  1.0558868833  1.0643679024
  1.0643679024  1.0729170422
  1.0729170422  1.0815348498
  1.0815348498  1.0902218767
  1.0902218767  1.0989786789
  1.0989786789  1.1078058169
  1.1078058169  1.1167038556
  1.1167038556  1.1256733645
  1.1256733645  1.1347149176
  1.1347149176  1.1438290936
  1.1438290936  1.1530164759
  1.1530164759  1.1622776524
  1.1622776524  1.1716132159
  1.1716132159  1.1810237638
  1.1810237638  1.1905098985
  1.1905098985  1.2000722270
  1.2000722270  1.2097113613
  1.2097113613  1.2194279185
  1.2194279185  1.2292225202
  1.2292225202  1.2390957935
  1.2390957935  1.2490483701
  1.2490483701  1.2590808871
  1.2590808871  1.2691939866
  1.2691939866  1.2793883159
  1.2793883159  1.2896645272
  1.2896645272  1.3000232784
  1.3000232784  1.3104652325
  1.3104652325  1.3209910577
  1.3209910577  1.3316014276
  1.3316014276  1.3422970214
  1.3422970214  1.3530785236
  1.3530785236  1.3639466242
  1.3639466242  1.3749020187
  1.3749020187  1.3859454084
  1.3859454084  1.3970775001
  1.3970775001  1.4082990061
  1.4082990061  1.4196106447
  1.4196106447  1.4310131398
  1.4310131398  1.4425072213
  1.4425072213  1.4540936247
  1.4540936247  1.4657730915
  1.4657730915  1.4775463694
  1.4775463694  1.4894142117
  1.4894142117  1.5013773781
  1.5013773781  1.5134366341
  1.5134366341  1.5255927517
  1.5255927517  1.5378465087
  1.5378465087  1.5501986895
  1.5501986895  1.5626500846
  1.5626500846  1.5752014909
  1.5752014909  1.5878537117
  1.5878537117  1.6006075568
  1.6006075568  1.6134638424
  1.6134638424  1.6264233913
  1.6264233913  1.6394870330
  1.6394870330  1.6526556035
  1.6526556035  1.6659299457
  1.6659299457  1.6793109092
  1.6793109092  1.6927993502
  1.6927993502  1.7063961321
  1.7063961321  1.7201021252
  1.7201021252  1.7339182065
  1.7339182065  1.7478452604
  1.7478452604  1.7618841781
  1.7618841781  1.7760358583
  1.7760358583  1.7903012065
  1.7903012065  1.8046811359
  1.8046811359  1.8191765667
  1.8191765667  1.8337884267
  1.8337884267  1.8485176510
  1.8485176510  1.8633651823
  1.8633651823  1.8783319709
  1.8783319709  1.8934189747
  1.8934189747  1.9086271592
  1.9086271592  1.9239574979
  1.9239574979  1.9394109717
  1.9394109717  1.9549885699
  1.9549885699  1.9706912893
  1.9706912893  1.9865201350
  1.9865201350  2.0024761201
  2.0024761201  2.0185602656
  2.0185602656  2.0347736011
  2.0347736011  2.0511171641
  2.0511171641  2.0675920008
  2.0675920008  2.0841991655
  2.0841991655  2.1009397210
  2.1009397210  2.1178147388
  2.1178147388  2.1348252990
  2.1348252990  2.1519724902
  2.1519724902  2.1692574098
  2.1692574098  2.1866811641
  2.1866811641  2.2042448682
  2.2042448682  2.2219496462
  2.2219496462  2.2397966313
  2.2397966313  2.2577869657
  2.2577869657  2.2759218008
  2.2759218008  2.2942022972
  2.2942022972  2.3126296249
  2.3126296249  2.3312049632
  2.3312049632  2.3499295011
  2.3499295011  2.3688044368
  2.3688044368  2.3878309785
  2.3878309785  2.4070103438
  2.4070103438  2.4263437602
  2.4263437602  2.4458324651
  2.4458324651  2.4654777058
  2.4654777058  2.4852807396
  2.4852807396  2.5052428339
  2.5052428339  2.5253652663
  2.5253652663  2.5456493246
  2.5456493246  2.5660963072
  2.5660963072  2.5867075225
  2.5867075225  2.6074842897
  2.6074842897  2.6284279386
  2.6284279386  2.6495398096
  2.6495398096  2.6708212539
  2.6708212539  2.6922736334
  2.6922736334  2.7138983213
  2.7138983213  2.7356967013
  2.7356967013  2.7576701688
  2.7576701688  2.7798201300
  2.7798201300  2.8021480026
  2.8021480026  2.8199228493
  2.8199228493  2.8288726807
