| lower limit | upper limit |
|   double    |  double     |
|   micron    |   micron    |
  0.8650000000  0.8750000000
  0.8750000000  0.8850000000
  0.8850000000  0.8950000000
  0.8950000000  0.9050000000
  0.9050000000  0.9150000000
  0.9150000000  0.9250000000
  0.9250000000  0.9350000000
  0.9350000000  0.9450000000
  0.9450000000  0.9550000000
  0.9550000000  0.9650000000
  0.9650000000  0.9750000000
  0.9750000000  0.9850000000
  0.9850000000  0.9950000000
  0.9950000000  1.0050000000
  1.0050000000  1.0150000000
  1.0150000000  1.0250000000
  1.0250000000  1.0350000000
  1.0350000000  1.0450000000
  1.0450000000  1.0550000000
  1.0550000000  1.0650000000
  1.0650000000  1.0750000000
  1.0750000000  1.0850000000
  1.0850000000  1.0950000000
  1.0950000000  1.1050000000
  1.1050000000  1.1150000000
  1.1150000000  1.1250000000
  1.1250000000  1.1350000000
  1.1350000000  1.1450000000
  1.1450000000  1.1550000000
  1.1550000000  1.1650000000
  1.1650000000  1.1750000000
  1.1750000000  1.1850000000
  1.1850000000  1.1950000000
  1.1950000000  1.2050000000
  1.2050000000  1.2150000000
  1.2150000000  1.2250000000
  1.2250000000  1.2350000000
  1.2350000000  1.2450000000
  1.2450000000  1.2550000000
  1.2550000000  1.2650000000
  1.2650000000  1.2750000000
  1.2750000000  1.2850000000
  1.2850000000  1.2950000000
  1.2950000000  1.3050000000
  1.3050000000  1.3150000000
  1.3150000000  1.3250000000
  1.3250000000  1.3350000000
  1.3350000000  1.3450000000
  1.3450000000  1.3550000000
  1.3550000000  1.3650000000
  1.3650000000  1.3750000000
  1.3750000000  1.3850000000
  1.3850000000  1.3950000000
  1.3950000000  1.4050000000
  1.4050000000  1.4150000000
  1.4150000000  1.4250000000
  1.4250000000  1.4350000000
  1.4350000000  1.4450000000
  1.4450000000  1.4550000000
  1.4550000000  1.4650000000
  1.4650000000  1.4750000000
  1.4750000000  1.4850000000
  1.4850000000  1.4950000000
  1.4950000000  1.5050000000
  1.5050000000  1.5150000000
  1.5150000000  1.5250000000
  1.5250000000  1.5350000000
  1.5350000000  1.5450000000
  1.5450000000  1.5550000000
  1.5550000000  1.5650000000
  1.5650000000  1.5750000000
  1.5750000000  1.5850000000
  1.5850000000  1.5950000000
  1.5950000000  1.6050000000
  1.6050000000  1.6150000000
  1.6150000000  1.6250000000
  1.6250000000  1.6350000000
  1.6350000000  1.6450000000
  1.6450000000  1.6550000000
  1.6550000000  1.6650000000
  1.6650000000  1.6750000000
  1.6750000000  1.6850000000
  1.6850000000  1.6950000000
  1.6950000000  1.7050000000
  1.7050000000  1.7150000000
  1.7150000000  1.7250000000
  1.7250000000  1.7350000000
  1.7350000000  1.7450000000
  1.7450000000  1.7550000000
  1.7550000000  1.7650000000
  1.7650000000  1.7750000000
  1.7750000000  1.7850000000
  1.7850000000  1.7950000000
  1.7950000000  1.8050000000
  1.8050000000  1.8150000000
  1.8150000000  1.8250000000
  1.8250000000  1.8350000000
  1.8350000000  1.8450000000
  1.8450000000  1.8550000000
  1.8550000000  1.8650000000
  1.8650000000  1.8750000000
  1.8750000000  1.8850000000
  1.8850000000  1.8950000000
  1.8950000000  1.9050000000
  1.9050000000  1.9150000000
  1.9150000000  1.9250000000
  1.9250000000  1.9350000000
  1.9350000000  1.9450000000
  1.9450000000  1.9550000000
  1.9550000000  1.9650000000
  1.9650000000  1.9750000000
  1.9750000000  1.9850000000
  1.9850000000  1.9950000000
  1.9950000000  2.0050000000
  2.0050000000  2.0150000000
  2.0150000000  2.0250000000
  2.0250000000  2.0350000000
  2.0350000000  2.0450000000
  2.0450000000  2.0550000000
  2.0550000000  2.0650000000
  2.0650000000  2.0750000000
  2.0750000000  2.0850000000
  2.0850000000  2.0950000000
  2.0950000000  2.1050000000
  2.1050000000  2.1150000000
  2.1150000000  2.1250000000
  2.1250000000  2.1350000000
  2.1350000000  2.1450000000
  2.1450000000  2.1550000000
  2.1550000000  2.1650000000
  2.1650000000  2.1750000000
  2.1750000000  2.1850000000
  2.1850000000  2.1950000000
  2.1950000000  2.2050000000
  2.2050000000  2.2150000000
  2.2150000000  2.2250000000
  2.2250000000  2.2350000000
  2.2350000000  2.2450000000
  2.2450000000  2.2550000000
  2.2550000000  2.2650000000
  2.2650000000  2.2750000000
  2.2750000000  2.2850000000
  2.2850000000  2.2950000000
  2.2950000000  2.3050000000
  2.3050000000  2.3150000000
  2.3150000000  2.3250000000
  2.3250000000  2.3350000000
  2.3350000000  2.3450000000
  2.3450000000  2.3550000000
  2.3550000000  2.3650000000
  2.3650000000  2.3750000000
  2.3750000000  2.3850000000
  2.3850000000  2.3950000000
  2.3950000000  2.4050000000
  2.4050000000  2.4150000000
  2.4150000000  2.4250000000
  2.4250000000  2.4350000000
  2.4350000000  2.4450000000
  2.4450000000  2.4550000000
  2.4550000000  2.4650000000
  2.4650000000  2.4750000000
  2.4750000000  2.4850000000
  2.4850000000  2.4950000000
  2.4950000000  2.5050000000
  2.5050000000  2.5150000000
  2.5150000000  2.5250000000
  2.5250000000  2.5350000000
  2.5350000000  2.5450000000
  2.5450000000  2.5550000000
  2.5550000000  2.5650000000
  2.5650000000  2.5750000000
  2.5750000000  2.5850000000
  2.5850000000  2.5950000000
  2.5950000000  2.6050000000
  2.6050000000  2.6150000000
  2.6150000000  2.6250000000
  2.6250000000  2.6350000000
  2.6350000000  2.6450000000
  2.6450000000  2.6550000000
  2.6550000000  2.6650000000
  2.6650000000  2.6750000000
  2.6750000000  2.6850000000
  2.6850000000  2.6950000000
  2.6950000000  2.7050000000
  2.7050000000  2.7150000000
  2.7150000000  2.7250000000
  2.7250000000  2.7350000000
  2.7350000000  2.7450000000
  2.7450000000  2.7550000000
  2.7550000000  2.7650000000
