| lower limit | upper limit |
|   double    |  double     |
|   micron    |   micron    |
  2.8500000000  2.8750000000
  2.8750000000  2.9000000000
  2.9000000000  2.9250000000
  2.9250000000  2.9500000000
  2.9500000000  2.9750000000
  2.9750000000  3.0000000000
  3.0000000000  3.0250000000
  3.0250000000  3.0500000000
  3.0500000000  3.0750000000
  3.0750000000  3.1000000000
  3.1000000000  3.1250000000
  3.1250000000  3.1500000000
  3.1500000000  3.1750000000
  3.1750000000  3.2000000000
  3.2000000000  3.2250000000
  3.2250000000  3.2500000000
  3.2500000000  3.2750000000
  3.2750000000  3.3000000000
  3.3000000000  3.3250000000
  3.3250000000  3.3500000000
  3.3500000000  3.3750000000
  3.3750000000  3.4000000000
  3.4000000000  3.4250000000
  3.4250000000  3.4500000000
  3.4500000000  3.4750000000
  3.4750000000  3.5000000000
  3.5000000000  3.5250000000
  3.5250000000  3.5500000000
  3.5500000000  3.5750000000
  3.5750000000  3.6000000000
  3.6000000000  3.6250000000
  3.6250000000  3.6500000000
  3.6500000000  3.6750000000
  3.6750000000  3.7000000000
  3.7000000000  3.7250000000
  3.7250000000  3.7500000000
  3.7500000000  3.7750000000
  3.7750000000  3.8000000000
  3.8000000000  3.8250000000
  3.8250000000  3.8500000000
  3.8500000000  3.8750000000
  3.8750000000  3.9000000000
  3.9000000000  3.9250000000
  3.9250000000  3.9500000000
  3.9500000000  3.9750000000
  3.9750000000  4.0000000000
  4.0000000000  4.0250000000
  4.0250000000  4.0500000000
  4.0500000000  4.0750000000
  4.0750000000  4.1000000000
  4.1000000000  4.1250000000
  4.1250000000  4.1500000000
  4.1500000000  4.1750000000
  4.1750000000  4.2000000000
  4.2000000000  4.2250000000
  4.2250000000  4.2500000000
  4.2500000000  4.2750000000
  4.2750000000  4.3000000000
  4.3000000000  4.3250000000
  4.3250000000  4.3500000000
  4.3500000000  4.3750000000
  4.3750000000  4.4000000000
  4.4000000000  4.4250000000
  4.4250000000  4.4500000000
  4.4500000000  4.4750000000
  4.4750000000  4.5000000000
  4.5000000000  4.5250000000
  4.5250000000  4.5500000000
  4.5500000000  4.5750000000
  4.5750000000  4.6000000000
  4.6000000000  4.6250000000
  4.6250000000  4.6500000000
  4.6500000000  4.6750000000
  4.6750000000  4.7000000000
  4.7000000000  4.7250000000
  4.7250000000  4.7500000000
  4.7500000000  4.7750000000
  4.7750000000  4.8000000000
  4.8000000000  4.8250000000
  4.8250000000  4.8500000000
  4.8500000000  4.8750000000
  4.8750000000  4.9000000000
  4.9000000000  4.9250000000
  4.9250000000  4.9500000000
  4.9500000000  4.9750000000
  4.9750000000  5.0000000000
  5.0000000000  5.0250000000
  5.0250000000  5.0500000000
  5.0500000000  5.0750000000
  5.0750000000  5.1000000000
  5.1000000000  5.1250000000
  5.1250000000  5.1500000000
  5.1500000000  5.1750000000