| lower limit | upper limit |
|   double    |  double     |
|   micron    |   micron    |
  0.6000486612  0.6050837361
  0.6050837361  0.6099438464
  0.6099438464  0.6148429938
  0.6148429938  0.6197814917
  0.6197814917  0.6247596563
  0.6247596563  0.6297778062
  0.6297778062  0.6348362624
  0.6348362624  0.6399353489
  0.6399353489  0.6450753918
  0.6450753918  0.6502567203
  0.6502567203  0.6554796658
  0.6554796658  0.6607445627
  0.6607445627  0.6660517480
  0.6660517480  0.6714015612
  0.6714015612  0.6767943449
  0.6767943449  0.6822304440
  0.6822304440  0.6877102066
  0.6877102066  0.6932339834
  0.6932339834  0.6988021278
  0.6988021278  0.7044149963
  0.7044149963  0.7100729481
  0.7100729481  0.7157763453
  0.7157763453  0.7215255529
  0.7215255529  0.7273209388
  0.7273209388  0.7331628741
  0.7331628741  0.7390517325
  0.7390517325  0.7449878910
  0.7449878910  0.7509717295
  0.7509717295  0.7570036309
  0.7570036309  0.7630839814
  0.7630839814  0.7692131700
  0.7692131700  0.7753915890
  0.7753915890  0.7816196339
  0.7816196339  0.7878977032
  0.7878977032  0.7942261989
  0.7942261989  0.8006055258
  0.8006055258  0.8070360922
  0.8070360922  0.8135183098
  0.8135183098  0.8200525934
  0.8200525934  0.8266393613
  0.8266393613  0.8332790349
  0.8332790349  0.8399720391
  0.8399720391  0.8457452396
  0.8457452396  0.8498447537
