| lower limit | upper limit |
|   double    |  double     |
|   micron    |   micron    |
  7.5950000000  7.7500000000
  7.7500000000  7.9350000000
  7.9350000000  8.1250000000
  8.1250000000  8.3100000000
  8.3100000000  8.4950000000
  8.4950000000  8.6800000000
  8.6800000000  8.8650000000
  8.8650000000  9.0550000000
  9.0550000000  9.2400000000
  9.2400000000  9.4250000000
  9.4250000000  9.6150000000
  9.6150000000  9.8000000000
  9.8000000000  9.9850000000
  9.9850000000  10.175000000
  10.175000000  10.360000000
  10.360000000  10.545000000
  10.545000000  10.730000000
  10.730000000  10.915000000
  10.915000000  11.105000000
  11.105000000  11.290000000
  11.290000000  11.475000000
  11.475000000  11.665000000
  11.665000000  11.850000000
  11.850000000  12.035000000
  12.035000000  12.220000000
  12.220000000  12.405000000
  12.405000000  12.595000000
  12.595000000  12.780000000
  12.780000000  12.965000000
  12.965000000  13.150000000
  13.150000000  13.335000000
  13.335000000  13.525000000
  13.525000000  13.715000000
  13.715000000  13.905000000
  13.905000000  14.095000000
  14.095000000  14.285000000