| lower limit | upper limit |
|   double    |  double     |
|   micron    |   micron    |
 5.3231000000  5.4441000000
 5.4441000000  5.5650000000
 5.5650000000  5.6860000000
 5.6860000000  5.8070000000
 5.8070000000  5.9279000000
 5.9279000000  6.0489000000
 6.0489000000  6.1699000000
 6.1699000000  6.2908000000
 6.2908000000  6.4118000000
 6.4118000000  6.5328000000
 6.5328000000  6.6537000000
 6.6537000000  6.7747000000
 6.7747000000  6.8957000000
 6.8957000000  7.0166000000
 7.0166000000  7.1376000000
 7.1376000000  7.2586000000
 7.2586000000  7.3796000000
 7.3796000000  7.5005000000
 7.5005000000  7.6668000000
 7.6668000000  7.9088000000
 7.9088000000  8.1507000000