| lower limit | upper limit |
|   double    |  double     |
|   micron    |   micron    |
  7.6668000000  7.9088000000
  7.9088000000  8.1507000000
  8.1507000000  8.3926000000
  8.3926000000  8.6346000000
  8.6346000000  8.8765000000
  8.8765000000  9.1185000000
  9.1185000000  9.3604000000
  9.3604000000  9.6023000000
  9.6023000000  9.8443000000
  9.8443000000 10.0862000000
 10.0862000000 10.3282000000
 10.3282000000 10.5700000000
 10.5700000000 10.8120000000
 10.8120000000 11.0540000000
 11.0540000000 11.2958000000
 11.2958000000 11.5378000000
 11.5378000000 11.7798000000
 11.7798000000 12.0217000000
 12.0217000000 12.2636000000
 12.2636000000 12.5056000000
 12.5056000000 12.7474000000
 12.7474000000 12.9894000000
 12.9894000000 13.2314000000
 13.2314000000 13.4732000000
 13.4732000000 13.7152000000
 13.7152000000 13.9572000000
 13.9572000000 14.1990000000