| lower limit | upper limit |
|   double    |  double     |
|   micron    |   micron    |
 5.3200000000  5.4150000000
 5.4150000000  5.5050000000
 5.5050000000  5.6000000000
 5.6000000000  5.6950000000
 5.6950000000  5.7850000000
 5.7850000000  5.8750000000
 5.8750000000  5.9700000000
 5.9700000000  6.0650000000
 6.0650000000  6.1550000000
 6.1550000000  6.2500000000
 6.2500000000  6.3450000000
 6.3450000000  6.4350000000
 6.4350000000  6.5300000000
 6.5300000000  6.6250000000
 6.6250000000  6.7150000000
 6.7150000000  6.8050000000
 6.8050000000  6.9000000000
 6.9000000000  6.9950000000
 6.9950000000  7.0850000000
 7.0850000000  7.1800000000
 7.1800000000  7.2750000000
 7.2750000000  7.3650000000
 7.3650000000  7.4650000000
 7.4650000000  7.5950000000
 7.5950000000  7.7500000000
 7.7500000000  7.9350000000
 7.9350000000  8.1250000000