 51000 105000
 38000  40000
 40000  42000
 42000  44000
 44000  46000
 46000  48000
 48000  50000
 50000  52000
 52000  53000
 53000  54000
 54000  56000
 56000  58000
 58000  60000
 60000  62000
 62000  64000
 64000  66000
 66000  68000
 68000  70000
 70000  72000
 72000  74000
 74000  76000
 76000  78000
 78000  80000
 80000  82000
 82000  84000
 84000  86000
 86000  88000
 88000  90000
 90000  92000
 92000  94000
 94000  96000
 96000  98000
 98000 100000
100000 102000
102000 104000
104000 106000
106000 108000
108000 110000
110000 112000
112000 114000
114000 116000
116000 118000
118000 120000
120000 122000
122000 124000
124000 126000
126000 128000
128000 130000
130000 132000
132000 134000
134000 136000
136000 138000
138000 140000
140000 142000
