8900.0  26000.0  
 8495.0    8577.4  
 8577.4    8659.9  
 8659.9    8742.3  
 8742.3    8824.8  
 8824.8    8907.2  
 8907.2    8989.7  
 8989.7    9072.1  
 9072.1    9154.6  
 9154.6    9237.0  
 9237.0    9319.5  
 9319.5    9401.9  
 9401.9    9484.4  
 9484.4    9566.8  
 9566.8    9649.3  
 9649.3    9731.7  
 9731.7    9814.2  
 9814.2    9896.6  
 9896.6    9979.1  
 9979.1    10061.5  
 10061.5    10144.0  
 10144.0    10226.4  
 10226.4    10308.8  
 10308.8    10391.3  
 10391.3    10473.7  
 10473.7    10556.2  
 10556.2    10638.6  
 10638.6    10721.1  
 10721.1    10803.5  
 10803.5    10886.0  
 10886.0    10968.4  
 10968.4    11050.9  
 11050.9    11133.3  
 11133.3    11215.8  
 11215.8    11298.2  
 11298.2    11380.7  
 11380.7    11463.1  
 11463.1    11545.6  
 11545.6    11628.0  
 11628.0    11710.5  
 11710.5    11792.9  
 11792.9    11875.4  
 11875.4    11957.8  
 11957.8    12040.3  
 12040.3    12122.7  
 12122.7    12205.1  
 12205.1    12287.6  
 12287.6    12370.0  
 12370.0    12452.5  
 12452.5    12534.9  
 12534.9    12617.4  
 12617.4    12699.8  
 12699.8    12782.3  
 12782.3    12864.7  
 12864.7    12947.2  
 12947.2    13029.6  
 13029.6    13112.1  
 13112.1    13194.5  
 13194.5    13277.0  
 13277.0    13359.4  
 13359.4    13441.9  
 13441.9    13524.3  
 13524.3    13606.8  
 13606.8    13689.2  
 13689.2    13771.7  
 13771.7    13854.1  
 13854.1    13936.5  
 13936.5    14019.0  
 14019.0    14101.4  
 14101.4    14183.9  
 14183.9    14266.3  
 14266.3    14348.8  
 14348.8    14431.2  
 14431.2    14513.7  
 14513.7    14596.1  
 14596.1    14678.6  
 14678.6    14761.0  
 14761.0    14843.5  
 14843.5    14925.9  
 14925.9    15008.4  
 15008.4    15090.8  
 15090.8    15173.3  
 15173.3    15255.7  
 15255.7    15338.2  
 15338.2    15420.6  
 15420.6    15503.1  
 15503.1    15585.5  
 15585.5    15667.9  
 15667.9    15750.4  
 15750.4    15832.8  
 15832.8    15915.3  
 15915.3    15997.7  
 15997.7    16080.2  
 16080.2    16162.6  
 16162.6    16245.1  
 16245.1    16327.5  
 16327.5    16410.0  
 16410.0    16492.4  
 16492.4    16574.9  
 16574.9    16657.3  
 16657.3    16739.8  
 16739.8    16822.2  
 16822.2    16904.7  
 16904.7    16987.1  
 16987.1    17069.6  
 17069.6    17152.0  
 17152.0    17234.5  
 17234.5    17316.9  
 17316.9    17399.4  
 17399.4    17481.8  
 17481.8    17564.2  
 17564.2    17646.7  
 17646.7    17729.1  
 17729.1    17811.6  
 17811.6    17894.0  
 17894.0    17976.5  
 17976.5    18058.9  
 18058.9    18141.4  
 18141.4    18223.8  
 18223.8    18306.3  
 18306.3    18388.7  
 18388.7    18471.2  
 18471.2    18553.6  
 18553.6    18636.1  
 18636.1    18718.5  
 18718.5    18801.0  
 18801.0    18883.4  
 18883.4    18965.9  
 18965.9    19048.3  
 19048.3    19130.8  
 19130.8    19213.2  
 19213.2    19295.6  
 19295.6    19378.1  
 19378.1    19460.5  
 19460.5    19543.0  
 19543.0    19625.4  
 19625.4    19707.9  
 19707.9    19790.3  
 19790.3    19872.8  
 19872.8    19955.2  
 19955.2    20037.7  
 20037.7    20120.1  
 20120.1    20202.6  
 20202.6    20285.0  
 20285.0    20367.5  
 20367.5    20449.9  
 20449.9    20532.4  
 20532.4    20614.8  
 20614.8    20697.3  
 20697.3    20779.7  
 20779.7    20862.2  
 20862.2    20944.6  
 20944.6    21027.1  
 21027.1    21109.5  
 21109.5    21191.9  
 21191.9    21274.4  
 21274.4    21356.8  
 21356.8    21439.3  
 21439.3    21521.7  
 21521.7    21604.2  
 21604.2    21686.6  
 21686.6    21769.1  
 21769.1    21851.5  
 21851.5    21934.0  
 21934.0    22016.4  
 22016.4    22098.9  
 22098.9    22181.3  
 22181.3    22263.8  
 22263.8    22346.2  
 22346.2    22428.7  
 22428.7    22511.1  
 22511.1    22593.6  
 22593.6    22676.0  
 22676.0    22758.5  
 22758.5    22840.9  
 22840.9    22923.3  
 22923.3    23005.8  
 23005.8    23088.2  
 23088.2    23170.7  
 23170.7    23253.1  
 23253.1    23335.6  
 23335.6    23418.0  
 23418.0    23500.5  
 23500.5    23582.9  
 23582.9    23665.4  
 23665.4    23747.8  
 23747.8    23830.3  
 23830.3    23912.7  
 23912.7    23995.2  
 23995.2    24077.6  
 24077.6    24160.1  
 24160.1    24242.5  
 24242.5    24325.0  
 24325.0    24407.4  
 24407.4    24489.9  
 24489.9    24572.3  
 24572.3    24654.7  
 24654.7    24737.2  
 24737.2    24819.6  
 24819.6    24902.1  
 24902.1    24984.5  
 24984.5    25067.0  
 25067.0    25149.4  
 25149.4    25231.9  
 25231.9    25314.3  
 25314.3    25396.8  
 25396.8    25479.2  
 25479.2    25561.7  
 25561.7    25644.1  
 25644.1    25726.6  
 25726.6    25809.0  
 25809.0    25891.5  
 25891.5    25973.9  
 25973.9    26056.4  
 26056.4    26138.8  
 26138.8    26221.3  
 26221.3    26303.7  
 26303.7    26386.2  
 26386.2    26468.6  
 26468.6    26551.0  
 26551.0    26633.5  
 26633.5    26715.9  
 26715.9    26798.4  
 26798.4    26880.8  
 26880.8    26963.3  
 26963.3    27045.7  
 27045.7    27128.2  
 27128.2    27210.6  
 27210.6    27293.1  
 27293.1    27375.5  
 27375.5    27458.0  
 27458.0    27540.4  
 27540.4    27622.9  
 27622.9    27705.3  
 27705.3    27787.8  
 27787.8    27870.2  
 27870.2    27952.7  
 27952.7    28035.1  
 28035.1    28117.6  
 28117.6    28200.0  
