6800.0  9000.0  
 5900.0    5919.6  
 5919.6    5939.2  
 5939.2    5958.9  
 5958.9    5978.5  
 5978.5    5998.1  
 5998.1    6017.7  
 6017.7    6037.3  
 6037.3    6056.9  
 6056.9    6076.6  
 6076.6    6096.2  
 6096.2    6115.8  
 6115.8    6135.4  
 6135.4    6155.0  
 6155.0    6174.6  
 6174.6    6194.3  
 6194.3    6213.9  
 6213.9    6233.5  
 6233.5    6253.1  
 6253.1    6272.7  
 6272.7    6292.3  
 6292.3    6312.0  
 6312.0    6331.6  
 6331.6    6351.2  
 6351.2    6370.8  
 6370.8    6390.4  
 6390.4    6410.0  
 6410.0    6429.7  
 6429.7    6449.3  
 6449.3    6468.9  
 6468.9    6488.5  
 6488.5    6508.1  
 6508.1    6527.8  
 6527.8    6547.4  
 6547.4    6567.0  
 6567.0    6586.6  
 6586.6    6606.2  
 6606.2    6625.8  
 6625.8    6645.5  
 6645.5    6665.1  
 6665.1    6684.7  
 6684.7    6704.3  
 6704.3    6723.9  
 6723.9    6743.5  
 6743.5    6763.2  
 6763.2    6782.8  
 6782.8    6802.4  
 6802.4    6822.0  
 6822.0    6841.6  
 6841.6    6861.2  
 6861.2    6880.9  
 6880.9    6900.5  
 6900.5    6920.1  
 6920.1    6939.7  
 6939.7    6959.3  
 6959.3    6978.9  
 6978.9    6998.6  
 6998.6    7018.2  
 7018.2    7037.8  
 7037.8    7057.4  
 7057.4    7077.0  
 7077.0    7096.7  
 7096.7    7116.3  
 7116.3    7135.9  
 7135.9    7155.5  
 7155.5    7175.1  
 7175.1    7194.7  
 7194.7    7214.4  
 7214.4    7234.0  
 7234.0    7253.6  
 7253.6    7273.2  
 7273.2    7292.8  
 7292.8    7312.4  
 7312.4    7332.1  
 7332.1    7351.7  
 7351.7    7371.3  
 7371.3    7390.9  
 7390.9    7410.5  
 7410.5    7430.1  
 7430.1    7449.8  
 7449.8    7469.4  
 7469.4    7489.0  
 7489.0    7508.6  
 7508.6    7528.2  
 7528.2    7547.8  
 7547.8    7567.5  
 7567.5    7587.1  
 7587.1    7606.7  
 7606.7    7626.3  
 7626.3    7645.9  
 7645.9    7665.6  
 7665.6    7685.2  
 7685.2    7704.8  
 7704.8    7724.4  
 7724.4    7744.0  
 7744.0    7763.6  
 7763.6    7783.3  
 7783.3    7802.9  
 7802.9    7822.5  
 7822.5    7842.1  
 7842.1    7861.7  
 7861.7    7881.3  
 7881.3    7901.0  
 7901.0    7920.6  
 7920.6    7940.2  
 7940.2    7959.8  
 7959.8    7979.4  
 7979.4    7999.0  
 7999.0    8018.7  
 8018.7    8038.3  
 8038.3    8057.9  
 8057.9    8077.5  
 8077.5    8097.1  
 8097.1    8116.7  
 8116.7    8136.4  
 8136.4    8156.0  
 8156.0    8175.6  
 8175.6    8195.2  
 8195.2    8214.8  
 8214.8    8234.4  
 8234.4    8254.1  
 8254.1    8273.7  
 8273.7    8293.3  
 8293.3    8312.9  
 8312.9    8332.5  
 8332.5    8352.2  
 8352.2    8371.8  
 8371.8    8391.4  
 8391.4    8411.0  
 8411.0    8430.6  
 8430.6    8450.2  
 8450.2    8469.9  
 8469.9    8489.5  
 8489.5    8509.1  
 8509.1    8528.7  
 8528.7    8548.3  
 8548.3    8567.9  
 8567.9    8587.6  
 8587.6    8607.2  
 8607.2    8626.8  
 8626.8    8646.4  
 8646.4    8666.0  
 8666.0    8685.6  
 8685.6    8705.3  
 8705.3    8724.9  
 8724.9    8744.5  
 8744.5    8764.1  
 8764.1    8783.7  
 8783.7    8803.3  
 8803.3    8823.0  
 8823.0    8842.6  
 8842.6    8862.2  
 8862.2    8881.8  
 8881.8    8901.4  
 8901.4    8921.1  
 8921.1    8940.7  
 8940.7    8960.3  
 8960.3    8979.9  
 8979.9    8999.5  
 8999.5    9019.1  
 9019.1    9038.8  
 9038.8    9058.4  
 9058.4    9078.0  
 9078.0    9097.6  
 9097.6    9117.2  
 9117.2    9136.8  
 9136.8    9156.5  
 9156.5    9176.1  
 9176.1    9195.7  
 9195.7    9215.3  
 9215.3    9234.9  
 9234.9    9254.5  
 9254.5    9274.2  
 9274.2    9293.8  
 9293.8    9313.4  
 9313.4    9333.0  
 9333.0    9352.6  
 9352.6    9372.2  
 9372.2    9391.9  
 9391.9    9411.5  
 9411.5    9431.1  
 9431.1    9450.7  
 9450.7    9470.3  
 9470.3    9490.0  
 9490.0    9509.6  
 9509.6    9529.2  
 9529.2    9548.8  
 9548.8    9568.4  
 9568.4    9588.0  
 9588.0    9607.7  
 9607.7    9627.3  
 9627.3    9646.9  
 9646.9    9666.5  
 9666.5    9686.1  
 9686.1    9705.7  
 9705.7    9725.4  
 9725.4    9745.0  
 9745.0    9764.6  
 9764.6    9784.2  
 9784.2    9803.8  
 9803.8    9823.4  
 9823.4    9843.1  
 9843.1    9862.7  
 9862.7    9882.3  
 9882.3    9901.9  
 9901.9    9921.5  
 9921.5    9941.1  
 9941.1    9960.8  
 9960.8    9980.4  
 9980.4    10000.0  
