29000.0  50000.0  
 27071.0    27236.6  
 27236.6    27402.2  
 27402.2    27567.8  
 27567.8    27733.4  
 27733.4    27899.0  
 27899.0    28064.6  
 28064.6    28230.2  
 28230.2    28395.8  
 28395.8    28561.4  
 28561.4    28727.0  
 28727.0    28892.6  
 28892.6    29058.2  
 29058.2    29223.8  
 29223.8    29389.4  
 29389.4    29555.0  
 29555.0    29720.6  
 29720.6    29886.2  
 29886.2    30051.8  
 30051.8    30217.3  
 30217.3    30382.9  
 30382.9    30548.5  
 30548.5    30714.1  
 30714.1    30879.7  
 30879.7    31045.3  
 31045.3    31210.9  
 31210.9    31376.5  
 31376.5    31542.1  
 31542.1    31707.7  
 31707.7    31873.3  
 31873.3    32038.9  
 32038.9    32204.5  
 32204.5    32370.1  
 32370.1    32535.7  
 32535.7    32701.3  
 32701.3    32866.9  
 32866.9    33032.5  
 33032.5    33198.1  
 33198.1    33363.7  
 33363.7    33529.3  
 33529.3    33694.9  
 33694.9    33860.5  
 33860.5    34026.1  
 34026.1    34191.7  
 34191.7    34357.3  
 34357.3    34522.9  
 34522.9    34688.5  
 34688.5    34854.1  
 34854.1    35019.7  
 35019.7    35185.3  
 35185.3    35350.9  
 35350.9    35516.5  
 35516.5    35682.1  
 35682.1    35847.7  
 35847.7    36013.3  
 36013.3    36178.9  
 36178.9    36344.4  
 36344.4    36510.0  
 36510.0    36675.6  
 36675.6    36841.2  
 36841.2    37006.8  
 37006.8    37172.4  
 37172.4    37338.0  
 37338.0    37503.6  
 37503.6    37669.2  
 37669.2    37834.8  
 37834.8    38000.4  
 38000.4    38166.0  
 38166.0    38331.6  
 38331.6    38497.2  
 38497.2    38662.8  
 38662.8    38828.4  
 38828.4    38994.0  
 38994.0    39159.6  
 39159.6    39325.2  
 39325.2    39490.8  
 39490.8    39656.4  
 39656.4    39822.0  
 39822.0    39987.6  
 39987.6    40153.2  
 40153.2    40318.8  
 40318.8    40484.4  
 40484.4    40650.0  
 40650.0    40815.6  
 40815.6    40981.2  
 40981.2    41146.8  
 41146.8    41312.4  
 41312.4    41478.0  
 41478.0    41643.6  
 41643.6    41809.2  
 41809.2    41974.8  
 41974.8    42140.4  
 42140.4    42306.0  
 42306.0    42471.6  
 42471.6    42637.1  
 42637.1    42802.7  
 42802.7    42968.3  
 42968.3    43133.9  
 43133.9    43299.5  
 43299.5    43465.1  
 43465.1    43630.7  
 43630.7    43796.3  
 43796.3    43961.9  
 43961.9    44127.5  
 44127.5    44293.1  
 44293.1    44458.7  
 44458.7    44624.3  
 44624.3    44789.9  
 44789.9    44955.5  
 44955.5    45121.1  
 45121.1    45286.7  
 45286.7    45452.3  
 45452.3    45617.9  
 45617.9    45783.5  
 45783.5    45949.1  
 45949.1    46114.7  
 46114.7    46280.3  
 46280.3    46445.9  
 46445.9    46611.5  
 46611.5    46777.1  
 46777.1    46942.7  
 46942.7    47108.3  
 47108.3    47273.9  
 47273.9    47439.5  
 47439.5    47605.1  
 47605.1    47770.7  
 47770.7    47936.3  
 47936.3    48101.9  
 48101.9    48267.5  
 48267.5    48433.1  
 48433.1    48598.7  
 48598.7    48764.2  
 48764.2    48929.8  
 48929.8    49095.4  
 49095.4    49261.0  
 49261.0    49426.6  
 49426.6    49592.2  
 49592.2    49757.8  
 49757.8    49923.4  
 49923.4    50089.0  
 50089.0    50254.6  
 50254.6    50420.2  
 50420.2    50585.8  
 50585.8    50751.4  
 50751.4    50917.0  
 50917.0    51082.6  
 51082.6    51248.2  
 51248.2    51413.8  
 51413.8    51579.4  
 51579.4    51745.0  
